AppleHPE:
External relocation information 358 entries
address  pcrel length extern type    scattered symbolnum/value
00002990 0     3      1      0       0         51
00002998 0     3      1      0       0         52
000029a0 0     3      1      0       0         53
000029a8 0     3      1      0       0         54
000029b0 0     3      1      0       0         55
000029b8 0     3      1      0       0         56
000029c0 0     3      1      0       0         57
000029c8 0     3      1      0       0         58
00002408 0     3      1      0       0         61
00002458 0     3      1      0       0         62
00002460 0     3      1      0       0         63
000022f0 0     3      1      0       0         64
000022e8 0     3      1      0       0         65
000022f8 0     3      1      0       0         66
00002318 0     3      1      0       0         67
00002300 0     3      1      0       0         68
00002308 0     3      1      0       0         69
00002310 0     3      1      0       0         70
000023f8 0     3      1      0       0         71
00002478 0     3      1      0       0         72
00002390 0     3      1      0       0         73
000023e8 0     3      1      0       0         74
00002328 0     3      1      0       0         75
00002320 0     3      1      0       0         76
00002330 0     3      1      0       0         77
00002400 0     3      1      0       0         78
000023f0 0     3      1      0       0         79
000022e0 0     3      1      0       0         80
000021d0 0     3      1      0       0         81
000021d8 0     3      1      0       0         82
000021e0 0     3      1      0       0         83
000021e8 0     3      1      0       0         84
000021f0 0     3      1      0       0         85
000021f8 0     3      1      0       0         86
00002200 0     3      1      0       0         87
00002208 0     3      1      0       0         88
00002210 0     3      1      0       0         89
00002218 0     3      1      0       0         90
00002220 0     3      1      0       0         91
00002228 0     3      1      0       0         92
00002230 0     3      1      0       0         93
00002238 0     3      1      0       0         94
00002240 0     3      1      0       0         95
00002248 0     3      1      0       0         96
00002250 0     3      1      0       0         97
00002258 0     3      1      0       0         98
00002260 0     3      1      0       0         99
00002268 0     3      1      0       0         100
00002270 0     3      1      0       0         101
00002278 0     3      1      0       0         102
00002280 0     3      1      0       0         103
00002288 0     3      1      0       0         104
00002290 0     3      1      0       0         105
00002298 0     3      1      0       0         106
000022a0 0     3      1      0       0         107
000022a8 0     3      1      0       0         108
000022b0 0     3      1      0       0         109
000022b8 0     3      1      0       0         110
000022c0 0     3      1      0       0         111
000022c8 0     3      1      0       0         112
000022d0 0     3      1      0       0         113
00002438 0     3      1      0       0         114
00002440 0     3      1      0       0         115
00002410 0     3      1      0       0         116
000020f0 0     3      1      0       0         118
00002960 0     3      1      0       0         118
000020f8 0     3      1      0       0         119
00002968 0     3      1      0       0         119
00002100 0     3      1      0       0         120
00002970 0     3      1      0       0         120
00002108 0     3      1      0       0         121
00002978 0     3      1      0       0         121
00002110 0     3      1      0       0         122
00002980 0     3      1      0       0         122
00002000 0     3      1      0       0         124
00002008 0     3      1      0       0         125
00002010 0     3      1      0       0         126
00002128 0     3      1      0       0         128
00002130 0     3      1      0       0         129
00002138 0     3      1      0       0         130
00002140 0     3      1      0       0         131
00002148 0     3      1      0       0         132
00002150 0     3      1      0       0         133
00002158 0     3      1      0       0         134
00002160 0     3      1      0       0         135
00002168 0     3      1      0       0         136
00002170 0     3      1      0       0         137
00002178 0     3      1      0       0         138
00002180 0     3      1      0       0         139
00002188 0     3      1      0       0         140
00002190 0     3      1      0       0         141
00002198 0     3      1      0       0         142
000021a0 0     3      1      0       0         143
00002118 0     3      1      0       0         144
00002018 0     3      1      0       0         147
000026c0 0     3      1      0       0         148
00002020 0     3      1      0       0         149
00002078 0     3      1      0       0         149
00002678 0     3      1      0       0         150
00002830 0     3      1      0       0         151
00002680 0     3      1      0       0         153
00002498 0     3      1      0       0         154
000026b8 0     3      1      0       0         155
00002758 0     3      1      0       0         156
000027b8 0     3      1      0       0         157
000028c0 0     3      1      0       0         158
000024c0 0     3      1      0       0         159
00002860 0     3      1      0       0         160
000028a8 0     3      1      0       0         161
000026d8 0     3      1      0       0         162
000027c8 0     3      1      0       0         163
00002800 0     3      1      0       0         164
00002808 0     3      1      0       0         165
00002878 0     3      1      0       0         166
00002490 0     3      1      0       0         167
00002848 0     3      1      0       0         168
000027e8 0     3      1      0       0         169
000027b0 0     3      1      0       0         170
000027d0 0     3      1      0       0         171
000028b0 0     3      1      0       0         172
000026f0 0     3      1      0       0         173
000026e8 0     3      1      0       0         174
000024b8 0     3      1      0       0         175
000027a0 0     3      1      0       0         176
00002818 0     3      1      0       0         177
00002778 0     3      1      0       0         178
000024a0 0     3      1      0       0         179
000028d8 0     3      1      0       0         180
00002640 0     3      1      0       0         181
00002780 0     3      1      0       0         183
000026b0 0     3      1      0       0         184
000028c8 0     3      1      0       0         185
000027e0 0     3      1      0       0         186
000027a8 0     3      1      0       0         187
00002798 0     3      1      0       0         188
000027d8 0     3      1      0       0         189
00002868 0     3      1      0       0         190
00002488 0     3      1      0       0         191
00002810 0     3      1      0       0         192
000028b8 0     3      1      0       0         193
000026e0 0     3      1      0       0         194
000027f0 0     3      1      0       0         195
000028d0 0     3      1      0       0         196
000026f8 0     3      1      0       0         197
00002858 0     3      1      0       0         198
00002788 0     3      1      0       0         199
00002850 0     3      1      0       0         200
000026a0 0     3      1      0       0         201
000026d0 0     3      1      0       0         202
000026c8 0     3      1      0       0         203
00002870 0     3      1      0       0         204
000024a8 0     3      1      0       0         205
000024c8 0     3      1      0       0         206
000024d0 0     3      1      0       0         207
000024d8 0     3      1      0       0         208
000024e0 0     3      1      0       0         209
000024e8 0     3      1      0       0         210
000024f0 0     3      1      0       0         211
000024f8 0     3      1      0       0         212
00002500 0     3      1      0       0         213
00002838 0     3      1      0       0         214
00002790 0     3      1      0       0         215
00002508 0     3      1      0       0         216
00002510 0     3      1      0       0         217
00002518 0     3      1      0       0         218
00002520 0     3      1      0       0         219
00002528 0     3      1      0       0         220
00002530 0     3      1      0       0         221
00002538 0     3      1      0       0         222
00002540 0     3      1      0       0         223
00002548 0     3      1      0       0         224
00002550 0     3      1      0       0         225
00002558 0     3      1      0       0         226
00002560 0     3      1      0       0         227
00002568 0     3      1      0       0         228
00002570 0     3      1      0       0         229
00002578 0     3      1      0       0         230
00002580 0     3      1      0       0         231
00002588 0     3      1      0       0         232
00002590 0     3      1      0       0         233
00002598 0     3      1      0       0         234
000025a0 0     3      1      0       0         235
000025a8 0     3      1      0       0         236
000025b0 0     3      1      0       0         237
000025b8 0     3      1      0       0         238
000025c0 0     3      1      0       0         239
000025c8 0     3      1      0       0         240
000025d0 0     3      1      0       0         241
000025d8 0     3      1      0       0         242
000025e0 0     3      1      0       0         243
000025e8 0     3      1      0       0         244
000025f0 0     3      1      0       0         245
000025f8 0     3      1      0       0         246
00002600 0     3      1      0       0         247
00002608 0     3      1      0       0         248
00002610 0     3      1      0       0         249
00002618 0     3      1      0       0         250
00002620 0     3      1      0       0         251
00002628 0     3      1      0       0         252
00002630 0     3      1      0       0         253
00002748 0     3      1      0       0         254
00002750 0     3      1      0       0         255
00002760 0     3      1      0       0         256
000026a8 0     3      1      0       0         257
000028a0 0     3      1      0       0         258
000024b0 0     3      1      0       0         259
00002898 0     3      1      0       0         260
000027f8 0     3      1      0       0         261
00002840 0     3      1      0       0         263
00002768 0     3      1      0       0         264
00002770 0     3      1      0       0         265
00002890 0     3      1      0       0         266
00002880 0     3      1      0       0         267
00002888 0     3      1      0       0         268
000022d8 0     3      1      0       0         269
00002480 0     3      1      0       0         270
00002660 0     3      1      0       0         271
00002668 0     3      1      0       0         272
00002648 0     3      1      0       0         273
00002820 0     3      1      0       0         274
00002828 0     3      1      0       0         275
00002700 0     3      1      0       0         276
00002708 0     3      1      0       0         277
000027c0 0     3      1      0       0         278
00002698 0     3      1      0       0         279
00002690 0     3      1      0       0         280
00002938 0     3      1      0       0         283
00002948 0     3      1      0       0         284
00002950 0     3      1      0       0         285
00002958 0     3      1      0       0         286
00002918 0     3      1      0       0         287
00002920 0     3      1      0       0         289
00002910 0     3      1      0       0         290
00002928 0     3      1      0       0         291
00002930 0     3      1      0       0         292
00002430 0     3      1      0       0         293
00002448 0     3      1      0       0         294
00002340 0     3      1      0       0         295
00002358 0     3      1      0       0         296
00002338 0     3      1      0       0         297
00002350 0     3      1      0       0         298
00002348 0     3      1      0       0         299
00002360 0     3      1      0       0         300
00002428 0     3      1      0       0         301
00002450 0     3      1      0       0         302
00002370 0     3      1      0       0         303
000021b0 0     3      1      0       0         304
00002368 0     3      1      0       0         305
000021b8 0     3      1      0       0         306
00002378 0     3      1      0       0         307
000021a8 0     3      1      0       0         308
000023c0 0     3      1      0       0         309
000023a0 0     3      1      0       0         310
000021c8 0     3      1      0       0         311
000023a8 0     3      1      0       0         312
000023b8 0     3      1      0       0         313
000021c0 0     3      1      0       0         314
000023b0 0     3      1      0       0         315
00002470 0     3      1      0       0         316
00002398 0     3      1      0       0         317
00002380 0     3      1      0       0         318
00002418 0     3      1      0       0         319
00002468 0     3      1      0       0         320
000023d8 0     3      1      0       0         321
000023c8 0     3      1      0       0         322
00002420 0     3      1      0       0         323
000023e0 0     3      1      0       0         324
000023d0 0     3      1      0       0         325
000020d0 0     3      1      0       0         326
00002940 0     3      1      0       0         326
000020d8 0     3      1      0       0         327
000020e0 0     3      1      0       0         328
000020e8 0     3      1      0       0         329
000020a8 0     3      1      0       0         330
000020b0 0     3      1      0       0         331
000020a0 0     3      1      0       0         332
000020b8 0     3      1      0       0         333
000020c0 0     3      1      0       0         334
00002710 0     3      1      0       0         335
00002718 0     3      1      0       0         336
00002688 0     3      1      0       0         337
00002738 0     3      1      0       0         338
00002720 0     3      1      0       0         339
00002388 0     3      1      0       0         340
00002740 0     3      1      0       0         341
00002728 0     3      1      0       0         342
00002670 0     3      1      0       0         343
00002638 0     3      1      0       0         344
00002730 0     3      1      0       0         345
00002028 0     3      1      0       0         346
00002030 0     3      1      0       0         348
00002038 0     3      1      0       0         349
00002040 0     3      1      0       0         350
00002048 0     3      1      0       0         351
00002050 0     3      1      0       0         352
00001706 1     2      1      2       0         44
00000d4e 1     2      1      2       0         45
00001722 1     2      1      2       0         46
000017a9 1     2      1      2       0         47
000018fd 1     2      1      2       0         47
0000184d 1     2      1      2       0         48
00001972 1     2      1      2       0         48
00000e1c 1     2      1      2       0         49
00000e39 1     2      1      2       0         49
00000e6f 1     2      1      2       0         49
0000100d 1     2      1      2       0         49
00001575 1     2      1      2       0         49
000015be 1     2      1      2       0         49
000015fc 1     2      1      2       0         49
00001acc 1     2      1      2       0         49
00000edf 1     2      1      2       0         50
00000bad 1     2      1      2       0         59
00000c6d 1     2      1      2       0         59
00001d2f 1     2      1      2       0         59
00000bc8 1     2      1      2       0         60
00001d08 1     2      1      2       0         60
00001d5d 1     2      1      2       0         60
00000d70 1     2      1      2       0         117
00001bf1 1     2      1      2       0         117
00001c30 1     2      1      2       0         117
00001c9c 1     2      1      2       0         117
00001cdb 1     2      1      2       0         117
00001269 1     2      1      2       0         123
000012ce 1     2      1      2       0         127
00000c3d 1     2      1      2       0         145
00000c8f 1     2      1      2       0         146
000014e0 1     2      1      2       0         152
00001cea 1     2      1      2       0         152
00000f7f 1     2      1      2       0         182
00000fad 1     2      1      2       0         262
00000bd6 1     2      1      2       0         281
00000bf6 1     2      1      2       0         281
00000ca4 1     2      1      2       0         281
00000cd7 1     2      1      2       0         281
00000d07 1     2      1      2       0         281
00000c12 1     2      1      2       0         282
00000c1c 1     2      1      2       0         282
00000c2a 1     2      1      2       0         282
00000cb6 1     2      1      2       0         288
00000ced 1     2      1      2       0         288
00000d1d 1     2      1      2       0         288
0000161d 1     2      1      2       0         347
00000e0d 1     2      1      2       0         353
00000e2f 1     2      1      2       0         353
00000e65 1     2      1      2       0         353
00001003 1     2      1      2       0         353
00001569 1     2      1      2       0         353
000015b2 1     2      1      2       0         353
000015e7 1     2      1      2       0         353
00001ac2 1     2      1      2       0         353
00001460 1     2      1      2       0         354
000016ec 1     2      1      2       0         354
00001550 1     2      1      2       0         355
00001599 1     2      1      2       0         355
00001507 1     2      1      2       0         356
00001528 1     2      1      2       0         356
00001515 1     2      1      2       0         357
00001537 1     2      1      2       0         357
Local relocation information 14 entries
address  pcrel length extern type    scattered symbolnum/value
00002058 0     3      0      0       0         1
00002060 0     3      0      0       0         1
00002070 0     3      0      0       0         9
00002658 0     3      0      0       0         1
00002650 0     3      0      0       0         1
00002120 0     3      0      0       0         1
000020c8 0     3      0      0       0         1
00002098 0     3      0      0       0         1
00002090 0     3      0      0       0         1
00002988 0     3      0      0       0         1
00002908 0     3      0      0       0         1
00002900 0     3      0      0       0         1
00002a94 0     3      0      0       0         1
00002a8c 0     3      0      0       0         1
