AppleHPE:
Contents of (__TEXT,__cstring) section
0000000000001dc7	41 70 70 6c 65 48 50 45 54 00 48 50 45 54 3a 20 
0000000000001dd7	49 4f 4c 6f 63 6b 41 6c 6c 6f 63 28 29 20 66 61 
0000000000001de7	69 6c 65 64 0a 00 48 50 45 54 3a 20 70 72 6f 76 
0000000000001df7	69 64 65 72 20 69 73 20 6e 6f 74 20 61 6e 20 49 
0000000000001e07	4f 41 43 50 49 50 6c 61 74 66 6f 72 6d 44 65 76 
0000000000001e17	69 63 65 0a 00 48 50 45 54 3a 20 64 65 76 69 63 
0000000000001e27	65 20 6f 70 65 6e 20 66 61 69 6c 65 64 0a 00 48 
0000000000001e37	50 45 54 3a 20 6d 61 70 20 64 65 76 69 63 65 20 
0000000000001e47	72 65 67 69 73 74 65 72 73 20 66 61 69 6c 65 64 
0000000000001e57	0a 00 48 50 45 54 3a 20 72 65 67 69 73 74 65 72 
0000000000001e67	20 73 70 61 63 65 20 74 6f 6f 20 73 6d 61 6c 6c 
0000000000001e77	20 28 6d 69 6e 20 3d 20 25 64 29 0a 00 48 50 45 
0000000000001e87	54 3a 20 70 72 6f 62 65 48 50 45 54 28 29 20 66 
0000000000001e97	61 69 6c 65 64 0a 00 48 50 45 54 3a 20 4e 6f 20 
0000000000001ea7	6d 65 6d 6f 72 79 20 66 6f 72 20 74 69 6d 65 72 
0000000000001eb7	73 0a 00 41 70 70 6c 65 49 6e 74 65 6c 43 50 55 
0000000000001ec7	50 6f 77 65 72 4d 61 6e 61 67 65 6d 65 6e 74 00 
0000000000001ed7	48 50 45 54 3a 20 4e 6f 20 6d 65 6d 6f 72 79 20 
0000000000001ee7	66 6f 72 20 6e 6f 74 69 66 69 65 72 0a 00 4d 61 
0000000000001ef7	63 50 72 6f 31 2c 31 00 4d 61 63 50 72 6f 32 2c 
0000000000001f07	31 00 48 50 45 54 3a 20 50 4d 49 4f 43 49 46 56 
0000000000001f17	45 52 53 49 4f 4e 20 65 72 72 6f 72 20 25 64 0a 
0000000000001f27	00 48 50 45 54 3a 20 50 4d 49 4f 43 49 46 56 45 
0000000000001f37	52 53 49 4f 4e 20 6d 69 73 6d 61 74 63 68 2e 20 
0000000000001f47	45 78 70 65 63 74 65 64 20 30 78 25 30 34 58 2c 
0000000000001f57	20 47 6f 74 20 30 78 25 30 34 58 0a 00 48 50 45 
0000000000001f67	54 3a 20 50 4d 49 4f 43 48 50 45 54 52 45 47 49 
0000000000001f77	53 54 45 52 20 65 72 72 6f 72 20 25 64 0a 00 48 
0000000000001f87	50 45 54 3a 20 65 6e 61 62 6c 65 20 66 61 69 6c 
0000000000001f97	65 64 0a 00 55 73 65 54 69 6d 65 72 30 00 48 50 
0000000000001fa7	54 43 00 49 6e 73 74 61 6c 6c 44 65 76 69 63 65 
0000000000001fb7	49 6e 74 65 72 72 75 70 74 00 53 65 74 56 65 63 
0000000000001fc7	74 6f 72 50 68 79 73 69 63 61 6c 44 65 73 74 69 
0000000000001fd7	6e 61 74 69 6f 6e 00 
